  -0.810621           2  -0.0683239
  -0.825786           2   -0.138878
  -0.848463           2   -0.209065
  -0.874126           2   -0.278757
  -0.897754           2   -0.347993
  -0.914836           2   -0.416963
  -0.922176           2   -0.485943
   -0.91832           2   -0.555175
  -0.903531           2   -0.624738
  -0.879361           2   -0.694414
  -0.847975           2   -0.763597
  -0.811432           2   -0.831262
  -0.771136           2   -0.896003
  -0.727579           2    -0.95615
  -0.680426           2    -1.00994
  -0.628879           2    -1.05572
  -0.572165           2    -1.09217
  -0.509987           2    -1.11846
  -0.442793           2    -1.13438
  -0.371773           2    -1.14041
  -0.298613           2    -1.13763
  -0.225083           2    -1.12763
  -0.152604           2    -1.11235
 -0.0819363           2    -1.09381
 -0.0130712           2    -1.07393
  0.0546355           2    -1.05431
   0.122155           2    -1.03605
   0.190408           2    -1.01968
   0.259935           2    -1.00509
   0.330727           2   -0.991621
   0.402244           2   -0.978134
    0.47359           2   -0.963197
   0.543771           2    -0.94526
   0.611904           2   -0.922856
   0.677298           2   -0.894769
   0.739371           2   -0.860179
    0.79742           2   -0.818737
   0.850354           2   -0.770589
   0.896519           2   -0.716333
   0.933728           2   -0.656928
   0.959547           2   -0.593567
    0.97184           2   -0.527528
   0.969423           2    -0.46004
    0.95267           2   -0.392158
   0.923887           2   -0.324684
   0.887281           2   -0.258124
   0.848493           2   -0.192679
   0.813738           2   -0.128285
   0.788726           2  -0.0646649
   0.777605           2 -0.00140524
   0.782156           2   0.0619659
   0.801454           2      0.1259
   0.832046           2    0.190756
   0.868635           2    0.256736
   0.905078           2    0.323836
    0.93548           2    0.391803
   0.955134           2    0.460124
    0.96112           2    0.528024
   0.952465           2    0.594503
   0.929884           2    0.658398
   0.895245           2    0.718479
    0.85091           2    0.773567
   0.799164           2    0.822661
   0.741847           2    0.865071
   0.680243           2    0.900519
   0.615198           2      0.9292
    0.54736           2    0.951793
   0.477404           2    0.969406
   0.406159           2    0.983456
   0.334573           2     0.99551
   0.263532           2     1.00709
   0.193626           2     1.01946
    0.12496           2     1.03348
  0.0571013           2     1.04944
  -0.010786           2     1.06702
 -0.0796511           2     1.08528
  -0.150188           2     1.10275
  -0.222514           2     1.11762
  -0.296002           2     1.12787
  -0.369339           2     1.13155
  -0.440796           2     1.12697
  -0.508647           2     1.11288
  -0.571581           2     1.08864
  -0.628994           2     1.05423
  -0.681038           2     1.01026
  -0.728408           2    0.957895
  -0.771927           2     0.89867
  -0.812053           2    0.834321
  -0.848487           2     0.76658
  -0.880024           2    0.696987
  -0.904741           2    0.626756
  -0.920492           2    0.556692
  -0.925596           2    0.487183
  -0.919538           2    0.418256
  -0.903447           2    0.349685
  -0.880208           2    0.281123
  -0.854123           2    0.212238
  -0.830168           2    0.142809
  -0.813013           2   0.0727939
  -0.806044           2  0.00232402
